$ 3 0.000005 382.76258214399064 58 7 50 5e-11
197 -1256 -2664 -1160 -2664 0
157 -1064 -2664 -960 -2664 0 7 0 0
w -1128 -2664 -1064 -2664 0
w -1128 -2632 -1064 -2632 0
w -1128 -2600 -1064 -2600 0
w -1128 -2568 -1064 -2568 0
w -1128 -2504 -968 -2504 0
w -968 -2536 -968 -2504 0
w -1128 -2536 -1000 -2536 0
w -1128 -2472 -936 -2472 0
w -936 -2536 -936 -2472 0
w -2144 -2688 -2112 -2688 0
w -2144 -2800 -2112 -2800 0
w -2112 -2688 -2048 -2688 0
w -2464 -2800 -2144 -2800 0
w -2464 -2688 -2464 -2800 0
w -2416 -2448 -2464 -2448 0
w -2416 -2384 -2416 -2448 0
w -2272 -2384 -2416 -2384 0
w -2400 -2528 -2464 -2528 0
w -2400 -2400 -2400 -2528 0
w -2272 -2400 -2400 -2400 0
w -2384 -2608 -2464 -2608 0
w -2384 -2416 -2384 -2608 0
w -2272 -2416 -2384 -2416 0
w -2368 -2688 -2464 -2688 0
w -2368 -2432 -2368 -2688 0
w -2272 -2432 -2368 -2432 0
w -2352 -2768 -2464 -2768 0
w -2352 -2448 -2352 -2768 0
w -2272 -2448 -2352 -2448 0
w -2336 -2848 -2464 -2848 0
w -2336 -2464 -2336 -2848 0
w -2272 -2464 -2336 -2464 0
w -2320 -2480 -2272 -2480 0
w -2320 -2928 -2320 -2480 0
w -2464 -2928 -2320 -2928 0
w -2288 -2528 -2288 -2672 0
w -2464 -2528 -2288 -2528 0
w -2464 -2688 -2336 -2688 0
w -2288 -2848 -2464 -2848 0
w -2288 -2768 -2288 -2848 0
w -2336 -2688 -2288 -2688 0
w -2288 -2768 -2288 -2704 0
154 -2272 -2432 -2112 -2432 0 7 5 5
154 -2288 -2688 -2144 -2688 0 3 0 5
g -2672 -2384 -2672 -2352 0 0
w -2576 -3008 -2576 -2432 0
w -2576 -2464 -2672 -2464 0
w -2576 -3008 -2576 -2512 0
w -2576 -3008 -2576 -2592 0
w -2576 -3008 -2576 -2672 0
w -2576 -3008 -2576 -2752 0
w -2576 -3008 -2576 -2832 0
w -2576 -3008 -2576 -2912 0
w -2672 -2544 -2576 -2544 0
w -2672 -2624 -2576 -2624 0
w -2672 -2704 -2576 -2704 0
w -2576 -2784 -2672 -2784 0
w -2576 -2864 -2672 -2864 0
w -2672 -2944 -2576 -2944 0
a -2576 -2448 -2464 -2448 8 15 -15 1000000 0.6249999999999997 0.7202391792551426 100000
a -2576 -2528 -2464 -2528 8 15 -15 1000000 1.2499999999999993 0.7202391792551426 100000
a -2576 -2608 -2464 -2608 8 15 -15 1000000 1.8749999999999991 0.7202391792551426 100000
a -2576 -2688 -2464 -2688 8 15 -15 1000000 2.499999999999999 0.7202391792551426 100000
a -2576 -2768 -2464 -2768 8 15 -15 1000000 3.1249999999999996 0.7202391792551426 100000
a -2576 -2848 -2464 -2848 8 15 -15 1000000 3.75 0.7202391792551426 100000
a -2576 -2928 -2464 -2928 8 15 -15 1000000 4.375 0.7202391792551426 100000
R -2672 -3008 -2672 -3072 0 0 40 5 0 0 0.5
r -2672 -2704 -2672 -2624 0 1000
r -2672 -2624 -2672 -2544 0 1000
r -2672 -2544 -2672 -2464 0 1000
r -2672 -2464 -2672 -2384 0 1000
r -2672 -2784 -2672 -2704 0 1000
r -2672 -2864 -2672 -2784 0 1000
r -2672 -2944 -2672 -2864 0 1000
r -2672 -3008 -2672 -2944 0 1000
R -2992 -3208 -2992 -3304 0 0 40 5 0 0 0.5
374 -2992 -3208 -2992 -3096 0 0.901 Light\sBrightness
r -2992 -3096 -2992 -3008 0 10000
g -2992 -3008 -2992 -2968 0 0
155 -2048 -2688 -2024 -2688 0 0
w -2048 -2688 -2048 -2720 0
w -2048 -2832 -2048 -2872 0
155 -2048 -2832 -2024 -2832 0 0
w -2112 -2832 -2048 -2832 0
w -2048 -2536 -2048 -2568 0
155 -2048 -2536 -2024 -2536 0 5
w -2112 -2536 -2048 -2536 0
w -2112 -2832 -2112 -2800 0
w -2112 -2536 -2112 -2432 0
w -2048 -2800 -2064 -2800 0
w -2064 -2800 -2064 -2656 0
w -2064 -2656 -2048 -2656 0
w -2064 -2656 -2064 -2504 0
w -2064 -2504 -2048 -2504 0
w -2992 -3096 -2792 -3096 0
b -2719 -3133 -2124 -2237 0
x -2634 -2282 -2212 -2279 4 24 Flash\sADC\swith\spriority\sencoder\s(Task\sI)
w -1312 -2632 -1256 -2632 0
w -1320 -2600 -1256 -2600 0
g -1256 -2664 -1256 -2696 0 0
b -1285 -2766 -867 -2360 0
x -1235 -2379 -901 -2376 4 24 Decoder\sand\sDisplay\s(Task\sI,\sII)
w -2792 -3096 -2576 -3096 0
w -2576 -3096 -2576 -3008 0
w -1248 -1888 -1248 -1840 0
w -1248 -1808 -1248 -1744 0
w -1456 -1744 -1248 -1744 0
w -1456 -1824 -1456 -1744 0
w -1616 -1744 -1456 -1744 0
w -1616 -1760 -1616 -1744 0
r -1616 -1840 -1696 -1840 0 1000
r -1616 -1840 -1616 -1760 0 1000
r -1616 -1872 -1696 -1872 0 1000
w -1616 -1920 -1616 -1872 0
w -1520 -1920 -1520 -1856 0
r -1616 -1920 -1520 -1920 0 1000
a -1616 -1856 -1520 -1856 8 5 0 1000000 2.4998930125788523 0.3601195896275713 100000
r -1456 -1856 -1520 -1856 0 3000
w -1344 -1968 -1344 -1904 0
w -1456 -1968 -1456 -1904 0
r -1456 -1968 -1408 -1968 0 330
w -1120 -1824 -1072 -1824 0
w -1120 -1888 -1120 -1824 0
r -1248 -1888 -1120 -1888 0 1100
r -1344 -1840 -1248 -1840 0 1000
a -1248 -1824 -1120 -1824 8 15 0 1000000 0.00005041721902769824 0 100000
w -1344 -1904 -1344 -1840 0
w -1456 -1904 -1456 -1856 0
a -1456 -1840 -1344 -1840 8 15 -15 1000000 0.000022347020191547427 0 100000
g -1616 -1744 -1616 -1704 0 0
w -3096 -1456 -1696 -1456 0
w -1696 -1840 -1696 -1456 0
w -1696 -1952 -1696 -1872 0
I -1696 -2024 -1696 -1952 0 0.5 5
w -1696 -2072 -1696 -2024 0
209 -1456 -1904 -1344 -1904 4 0.00009999999999999999 2.2347243661749343 0 0 1
w -1672 -2728 -1864 -2728 0
w -1672 -2872 -1880 -2872 0
w -1816 -2776 -1888 -2776 0
w -1512 -2792 -1512 -2744 0
w -1512 -2856 -1512 -2824 0
151 -1512 -2808 -1368 -2808 0 2 0 5
w -1816 -2840 -1672 -2840 0
w -1816 -2776 -1816 -2840 0
w -1816 -2776 -1816 -2744 0
151 -1672 -2856 -1512 -2856 0 2 5 5
151 -1672 -2744 -1512 -2744 0 2 5 5
151 -1816 -2760 -1672 -2760 0 2 5 5
w -2048 -2872 -1880 -2872 0
w -1952 -2832 -1864 -2832 0
w -1864 -2832 -1864 -2728 0
w -1800 -2624 -1800 -2520 0
w -1920 -2624 -1800 -2624 0
151 -1752 -2552 -1608 -2552 0 2 5 5
151 -1608 -2536 -1448 -2536 0 2 5 5
151 -1608 -2648 -1448 -2648 0 2 5 5
w -1752 -2568 -1752 -2536 0
w -1752 -2568 -1752 -2632 0
w -1752 -2632 -1608 -2632 0
151 -1448 -2600 -1320 -2600 0 2 0 5
w -1448 -2648 -1448 -2616 0
w -1448 -2584 -1448 -2536 0
w -1752 -2568 -1824 -2568 0
w -1608 -2664 -1816 -2664 0
w -1608 -2520 -1800 -2520 0
w -2048 -2720 -1904 -2720 0
w -1904 -2720 -1904 -2664 0
w -1904 -2664 -1816 -2664 0
w -1952 -2688 -1920 -2688 0
w -1888 -2568 -1824 -2568 0
w -1576 -2312 -1784 -2312 0
w -1576 -2456 -1784 -2456 0
w -1720 -2360 -1888 -2360 0
w -1416 -2376 -1416 -2328 0
w -1416 -2440 -1416 -2408 0
151 -1416 -2392 -1272 -2392 0 2 5 5
w -1720 -2424 -1576 -2424 0
w -1720 -2360 -1720 -2424 0
w -1720 -2360 -1720 -2328 0
151 -1576 -2440 -1416 -2440 0 2 5 5
151 -1576 -2328 -1416 -2328 0 2 0 5
151 -1720 -2344 -1576 -2344 0 2 5 5
w -2048 -2568 -1920 -2568 0
w -1920 -2568 -1920 -2456 0
w -1920 -2456 -1784 -2456 0
w -1920 -2688 -1920 -2624 0
w -1952 -2536 -1936 -2536 0
w -1936 -2536 -1936 -2312 0
w -1936 -2312 -1784 -2312 0
w -1888 -2776 -1888 -2568 0
w -1888 -2568 -1888 -2368 0
w -1888 -2368 -1888 -2360 0
w -1888 -2360 -1888 -2288 0
w -1888 -2288 -1784 -2288 0
R -1664 -2288 -1664 -2176 0 0 40 5 0 0 0.5
w -1368 -2808 -1312 -2808 0
w -1312 -2808 -1312 -2632 0
w -1272 -2392 -1272 -2568 0
w -1272 -2568 -1256 -2568 0
r -1784 -2288 -1664 -2288 0 1000
s -1784 -2288 -1784 -2216 0 0 false
g -1784 -2216 -1784 -2192 0 0
b -2088 -2920 -1300 -2127 0
x -1848 -2113 -1403 -2110 4 24 Switching\scircuit\sfor\sstable\svalues\s(Task\sII)
w -1072 -1768 -1072 -1680 0
x -1130 -954 -694 -951 4 24 Flash\sADC\swith\spriority\sencoder\s(Task\sIII)
r -1168 -1680 -1168 -1616 0 1000
r -1168 -1616 -1168 -1536 0 1000
r -1168 -1536 -1168 -1456 0 1000
r -1168 -1456 -1168 -1376 0 1000
r -1168 -1136 -1168 -1056 0 1000
r -1168 -1216 -1168 -1136 0 1000
r -1168 -1296 -1168 -1216 0 1000
r -1168 -1376 -1168 -1296 0 1000
a -1072 -1600 -960 -1600 8 15 -15 1000000 4.375 2.4582780972301754 100000
a -1072 -1520 -960 -1520 8 15 -15 1000000 3.75 2.4582780972301754 100000
a -1072 -1440 -960 -1440 8 15 -15 1000000 3.124999999999999 2.4582780972301754 100000
a -1072 -1360 -960 -1360 8 15 -15 1000000 2.4999999999999987 2.4582780972301754 100000
a -1072 -1280 -960 -1280 8 15 -15 1000000 1.8749999999999991 2.4582780972301754 100000
a -1072 -1200 -960 -1200 8 15 -15 1000000 1.2499999999999993 2.4582780972301754 100000
a -1072 -1120 -960 -1120 8 15 -15 1000000 0.6249999999999997 2.4582780972301754 100000
w -1168 -1616 -1072 -1616 0
w -1072 -1536 -1168 -1536 0
w -1072 -1456 -1168 -1456 0
w -1168 -1376 -1072 -1376 0
w -1168 -1296 -1072 -1296 0
w -1168 -1216 -1072 -1216 0
w -1072 -1680 -1072 -1584 0
w -1072 -1680 -1072 -1504 0
w -1072 -1680 -1072 -1424 0
w -1072 -1680 -1072 -1344 0
w -1072 -1680 -1072 -1264 0
w -1072 -1680 -1072 -1184 0
w -1072 -1136 -1168 -1136 0
w -1072 -1680 -1072 -1104 0
g -1168 -1056 -1168 -1024 0 0
154 -784 -1360 -640 -1360 0 3 5 5
154 -768 -1104 -608 -1104 0 7 5 5
w -784 -1440 -784 -1376 0
w -832 -1360 -784 -1360 0
w -784 -1440 -784 -1520 0
w -784 -1520 -960 -1520 0
w -960 -1360 -832 -1360 0
w -960 -1200 -784 -1200 0
w -784 -1200 -784 -1344 0
w -960 -1600 -816 -1600 0
w -816 -1600 -816 -1152 0
w -816 -1152 -768 -1152 0
w -768 -1136 -832 -1136 0
w -832 -1136 -832 -1520 0
w -832 -1520 -960 -1520 0
w -768 -1120 -848 -1120 0
w -848 -1120 -848 -1440 0
w -848 -1440 -960 -1440 0
w -768 -1104 -864 -1104 0
w -864 -1104 -864 -1360 0
w -864 -1360 -960 -1360 0
w -768 -1088 -880 -1088 0
w -880 -1088 -880 -1280 0
w -880 -1280 -960 -1280 0
w -768 -1072 -896 -1072 0
w -896 -1072 -896 -1200 0
w -896 -1200 -960 -1200 0
w -768 -1056 -912 -1056 0
w -912 -1056 -912 -1120 0
w -912 -1120 -960 -1120 0
w -960 -1360 -960 -1472 0
w -960 -1472 -640 -1472 0
w -640 -1472 -608 -1472 0
w -640 -1360 -608 -1360 0
w -1072 -1824 -1072 -1768 0
155 -608 -1576 -512 -1576 2048 0
155 -608 -1424 -512 -1424 2048 5
155 -608 -1232 -512 -1232 2048 5
w -608 -1512 -608 -1472 0
w -608 -1168 -608 -1104 0
w -608 -1544 -648 -1544 0
w -608 -1392 -656 -1392 0
w -648 -1544 -656 -1544 0
w -608 -1200 -656 -1200 0
w -656 -1200 -656 -1392 0
w -656 -1392 -656 -1544 0
w -1696 -1952 -1512 -1952 0
w -1512 -1952 -1512 -2016 0
w -1512 -2016 -656 -2016 0
w -656 -1544 -656 -2016 0
x -759 -2383 -348 -2380 4 24 Decoder\sand\sDisplay\sfor\sAVG\s(Task\sIII)
b -757 -2767 -339 -2361 0
w -408 -2544 -408 -2480 0
w -600 -2480 -408 -2480 0
w -600 -2544 -472 -2544 0
w -440 -2544 -440 -2512 0
w -600 -2512 -440 -2512 0
w -600 -2576 -536 -2576 0
w -600 -2608 -536 -2608 0
w -600 -2640 -536 -2640 0
w -600 -2672 -536 -2672 0
157 -536 -2672 -432 -2672 0 7 0 0
197 -728 -2672 -632 -2672 0
w -512 -1512 -472 -1512 0
w -472 -1512 -480 -2176 0
w -512 -1360 -440 -1360 0
w -440 -1360 -440 -2176 0
w -512 -1168 -400 -1168 0
w -400 -1168 -408 -2176 0
R -1168 -1680 -1248 -1680 0 0 40 5 0 0 0.5
b -1264 -1704 -646 -910 0
b -616 -1624 -184 -979 0
x -607 -1004 -190 -1001 4 24 Use\sto\shold\sthe\saverage\svalue\s(Task\sIII)
b -1704 -2096 -1098 -1724 0
x -1617 -2052 -1204 -2049 4 24 Circuit\sfor\sgetting\sthe\saverage\s(Task\sIII)
g -728 -2672 -728 -2720 0 0
s -1408 -1968 -1344 -1968 0 1 true
w -728 -2640 -840 -2640 0
w -840 -2640 -840 -2176 0
w -840 -2176 -480 -2176 0
w -728 -2608 -808 -2608 0
w -808 -2608 -808 -2224 0
w -808 -2224 -440 -2224 0
w -440 -2224 -440 -2176 0
w -728 -2576 -776 -2576 0
w -776 -2576 -776 -2264 0
w -776 -2264 -408 -2264 0
w -408 -2264 -408 -2176 0
b -3256 -3424 75 -860 0
x -2268 -3479 -901 -3476 4 60 Advanced\sLight\sIntensity\sIndicator\s(ALII)\s-\sGroup\s07
x -3935 -2920 -3934 -2917 4 24 \0
g -2080 -1808 -2080 -1776 0 0
r -2080 -1872 -2080 -1808 0 330
162 -2080 -1936 -2080 -1872 2 default-led 1 0 0 0.01
w -2080 -2000 -2080 -1936 0
w -2192 -2000 -2080 -2000 0
w -2192 -1952 -2192 -2000 0
a -2192 -1936 -2080 -1936 8 5 -5 1000000 5.000000001999333 5.000069995327623 100000
d -2592 -1904 -2464 -1904 2 default
d -2592 -2000 -2464 -2000 2 default
w -2592 -1952 -2592 -1904 0
w -2688 -1952 -2592 -1952 0
w -2688 -1920 -2688 -1952 0
a -2688 -1904 -2592 -1904 8 5 0 1000000 -0.0004999495827763369 -5.000020777346146 100000
w -2592 -2048 -2592 -2000 0
w -2688 -2048 -2592 -2048 0
w -2688 -2016 -2688 -2048 0
a -2688 -2000 -2592 -2000 8 5 0 1000000 -0.0004999494263227531 -5.000019212653854 100000
w -2464 -1936 -2464 -1904 0
w -2464 -2000 -2464 -1936 0
R -2304 -1904 -2304 -1824 0 0 40 0.7 0 0 0.5
w -2336 -1936 -2304 -1936 0
a -2304 -1920 -2192 -1920 8 5 -5 1000000 -0.000003276236840871829 0.7 100000
w -2400 -1840 -2336 -1840 0
r -2336 -1936 -2336 -1840 0 1000
w -2400 -1936 -2336 -1936 0
g -2400 -1840 -2400 -1808 0 0
209 -2400 -1936 -2400 -1840 4 0.000001 -0.000003276236840871829 0.001 0 1
R -2800 -2000 -2800 -2048 0 0 40 0.2 0 0 0.5
R -2800 -1872 -2800 -1824 0 0 40 -0.2 0 0 0.5
a -2800 -1984 -2688 -1984 8 5 -5 1000000 0.2 0.007823461461926582 100000
a -2800 -1888 -2688 -1888 8 5 -5 1000000 0.007823461461926582 -0.2 100000
w -2800 -1968 -2800 -1904 0
w -2912 -1968 -2912 -1920 0
r -2912 -1968 -2800 -1968 0 33000
g -2912 -1888 -2912 -1840 0 0
a -2912 -1904 -2800 -1904 8 5 -5 1000000 -7.823461461926582e-8 0 100000
209 -2992 -1920 -2912 -1920 4 0.00001 0.7202392574897571 0.001 0 1
w -3096 -1456 -3112 -1912 0
w -3112 -1912 -2992 -1920 0
w -2064 -2504 -2080 -2000 0
w -2992 -3096 -3104 -3096 0
w -3104 -3096 -3112 -1912 0
w -2464 -1936 -2400 -1936 0
g -1728 -1872 -1728 -1840 0 0
r -1920 -1872 -1840 -1872 0 3300
r -1840 -1872 -1728 -1872 0 1000
R -1920 -1872 -1968 -1872 0 0 40 5 0 0 0.5
w -1840 -1872 -1840 -2056 0
s -2000 -2088 -1960 -2088 0 1 true
w -1960 -1944 -2000 -1944 0
v -2000 -1944 -2000 -2088 0 0 40 10 0 0 0.5
g -1928 -1944 -1928 -1904 0 0
w -1960 -1944 -1928 -1944 0
r -1928 -2000 -1928 -1944 0 10
w -1960 -2088 -1928 -2088 0
w -1928 -2088 -1840 -2088 0
209 -1928 -2088 -1928 -2000 4 0.000009999999999999999 0.2763560288532357 0 0 1
r -1960 -2088 -1960 -1944 0 35000
a -1840 -2072 -1696 -2072 9 5 0 1000000 1.1627906976744187 0.2762770925410805 100000
38 119 F1 0 3000 9000 -1 Resistance
