$ 1 0.000005 13.097415321081861 50 5 43 5e-11
a -16 160 112 160 8 15 -15 1000000 -2.4999500009999807 -2.5000000000000004 100000
r -16 96 112 96 0 1000
r -144 144 -16 144 0 1000
r -96 176 -16 176 0 1000
r -16 176 -16 256 0 1000
g -16 256 -16 288 0 0
w -16 96 -16 144 0
w 112 96 112 160 0
w 112 320 112 384 0
w -16 320 -16 368 0
g -16 480 -16 512 0 0
r -16 400 -16 480 0 1000
r -96 400 -16 400 0 1000
r -144 368 -16 368 0 1000
r -16 320 112 320 0 1000
a -16 384 112 384 8 15 -15 1000000 -0.004999900001999961 -0.005 100000
r 112 160 208 160 0 1000
a 208 176 336 176 8 15 -15 1000000 0.0000051129591773656764 0 100000
c 208 112 336 112 0 0.00001 0.5113010306957451 0.001
w 208 112 208 160 0
w 336 112 336 176 0
g 208 192 208 224 0 0
g 208 416 208 448 0 0
w 336 336 336 400 0
w 208 336 208 384 0
c 208 336 336 336 0 0.00001 -0.2979371283429682 0.001
a 208 400 336 400 8 15 -15 1000000 -0.0000029793414900147815 0 100000
r 112 384 208 384 0 1000
g 432 208 432 240 0 0
w 560 128 560 192 0
w 432 128 432 176 0
a 432 192 560 192 8 15 -15 1000000 -0.511124486740826 0 100000
r 336 176 432 176 0 1000
d 432 128 560 128 2 default
g 432 432 432 464 0 0
w 560 352 560 416 0
w 432 352 432 400 0
a 432 416 560 416 8 15 -15 1000000 0.000003859528549519456 0 100000
r 336 400 432 400 0 1000
d 432 352 560 352 2 default
w 768 208 768 272 0
w 640 208 640 256 0
g 640 368 640 400 0 0
r 640 288 640 368 0 1000
r 560 288 640 288 0 1000
r 560 256 640 256 0 1000
r 640 208 768 208 0 1000
a 640 272 768 272 8 15 -15 1000000 0.00001590660763257343 -0.1929764274759728 100000
w 560 192 560 256 0
w 560 288 560 352 0
d 768 272 848 272 2 default
a 848 288 960 288 8 15 -15 1000000 -1.7143356759246576e-9 0 100000
r 848 224 960 224 0 1000
w 848 224 848 272 0
w 960 224 960 288 0
g 848 304 848 400 0 0
w 960 288 992 288 0
w -144 144 -144 368 0
w -144 368 -144 672 0
R -96 400 -96 496 0 0 40 -0.01 0 0 0.5
s 208 80 256 80 0 1 false
r 256 80 336 80 0 1000
r 256 304 336 304 0 1000
s 208 304 256 304 0 1 false
w 208 80 208 112 0
w 336 80 336 112 0
w 208 304 208 336 0
w 336 304 336 336 0
R -96 176 -96 224 0 2 40 5 0 0 0.5
403 384 448 512 512 0 38_64_0_4099_0.3125_0.000390625_-1_2_38_3
g -144 672 -144 704 0 0
