$ 3 0.000005 6.724437240923179 58 7 50 5e-11
197 -920 -2512 -824 -2512 0
157 -600 -2512 -496 -2512 0 7 0 0
w -792 -2512 -600 -2512 0
w -792 -2480 -600 -2480 0
w -792 -2448 -600 -2448 0
w -792 -2416 -600 -2416 0
w -792 -2352 -504 -2352 0
w -504 -2384 -504 -2352 0
w -792 -2384 -536 -2384 0
w -792 -2320 -472 -2320 0
w -472 -2384 -472 -2320 0
w -952 -2584 -920 -2584 0
w -920 -2584 -920 -2512 0
a -2408 -2136 -2216 -2136 8 5 -5 1000000 1.9969062321720454 -2.500224854054311 100000
r -2400 -2256 -2216 -2256 0 3500.65
r -2216 -2136 -2216 -2040 0 1000
r -2216 -2040 -2216 -1928 0 1000
w -2408 -2120 -2408 -2040 0
w -2408 -2040 -2216 -2040 0
w -2216 -2256 -2216 -2136 0
w -2408 -2152 -2488 -2152 0
w -2488 -2152 -2488 -2256 0
w -2488 -2256 -2400 -2256 0
c -2488 -2152 -2488 -1928 0 0.000009999999999999999 1.9969062321720454 0.001
w -2488 -1928 -2216 -1928 0
g -2216 -1928 -2216 -1864 0 0
w -2216 -2136 -1712 -2136 0
w -2144 -2688 -2112 -2688 0
w -2144 -2800 -2112 -2800 0
w -2032 -2744 -1968 -2744 0
w -2032 -2800 -2032 -2744 0
w -2112 -2800 -2032 -2800 0
w -2048 -2712 -1968 -2712 0
w -2048 -2688 -2048 -2712 0
w -2112 -2688 -2048 -2688 0
w -2000 -2680 -1968 -2680 0
w -2000 -2432 -2000 -2680 0
w -2112 -2432 -2000 -2432 0
w -2464 -2800 -2144 -2800 0
w -2464 -2688 -2464 -2800 0
w -2416 -2448 -2464 -2448 0
w -2416 -2384 -2416 -2448 0
w -2272 -2384 -2416 -2384 0
w -2400 -2528 -2464 -2528 0
w -2400 -2400 -2400 -2528 0
w -2272 -2400 -2400 -2400 0
w -2384 -2608 -2464 -2608 0
w -2384 -2416 -2384 -2608 0
w -2272 -2416 -2384 -2416 0
w -2368 -2688 -2464 -2688 0
w -2368 -2432 -2368 -2688 0
w -2272 -2432 -2368 -2432 0
w -2352 -2768 -2464 -2768 0
w -2352 -2448 -2352 -2768 0
w -2272 -2448 -2352 -2448 0
w -2336 -2848 -2464 -2848 0
w -2336 -2464 -2336 -2848 0
w -2272 -2464 -2336 -2464 0
w -2320 -2480 -2272 -2480 0
w -2320 -2928 -2320 -2480 0
w -2464 -2928 -2320 -2928 0
w -2288 -2528 -2288 -2672 0
w -2464 -2528 -2288 -2528 0
w -2464 -2688 -2336 -2688 0
w -2288 -2848 -2464 -2848 0
w -2288 -2768 -2288 -2848 0
w -2336 -2688 -2288 -2688 0
w -2288 -2768 -2288 -2704 0
154 -2272 -2432 -2112 -2432 0 7 5 5
154 -2288 -2688 -2144 -2688 0 3 5 5
g -2672 -2384 -2672 -2352 0 0
w -2576 -3008 -2576 -2432 0
w -2576 -2464 -2672 -2464 0
w -2576 -3008 -2576 -2512 0
w -2576 -3008 -2576 -2592 0
w -2576 -3008 -2576 -2672 0
w -2576 -3008 -2576 -2752 0
w -2576 -3008 -2576 -2832 0
w -2576 -3008 -2576 -2912 0
w -2672 -2544 -2576 -2544 0
w -2672 -2624 -2576 -2624 0
w -2672 -2704 -2576 -2704 0
w -2576 -2784 -2672 -2784 0
w -2576 -2864 -2672 -2864 0
w -2672 -2944 -2576 -2944 0
a -2576 -2448 -2464 -2448 8 15 -15 1000000 0.6249999999999997 4.545867806164196 100000
a -2576 -2528 -2464 -2528 8 15 -15 1000000 1.2499999999999993 4.545867806164196 100000
a -2576 -2608 -2464 -2608 8 15 -15 1000000 1.8749999999999991 4.545867806164196 100000
a -2576 -2688 -2464 -2688 8 15 -15 1000000 2.499999999999999 4.545867806164196 100000
a -2576 -2768 -2464 -2768 8 15 -15 1000000 3.1249999999999996 4.545867806164196 100000
a -2576 -2848 -2464 -2848 8 15 -15 1000000 3.75 4.545867806164196 100000
a -2576 -2928 -2464 -2928 8 15 -15 1000000 4.375 4.545867806164196 100000
R -2672 -3008 -2672 -3072 0 0 40 5 0 0 0.5
r -2672 -2704 -2672 -2624 0 1000
r -2672 -2624 -2672 -2544 0 1000
r -2672 -2544 -2672 -2464 0 1000
r -2672 -2464 -2672 -2384 0 1000
r -2672 -2784 -2672 -2704 0 1000
r -2672 -2864 -2672 -2784 0 1000
r -2672 -2944 -2672 -2864 0 1000
r -2672 -3008 -2672 -2944 0 1000
R -2400 -3328 -2400 -3424 0 0 40 5 0 0 0.5
374 -2400 -3328 -2400 -3224 0 0.9901000000000001 Light\sBrightness
w -2576 -3008 -2576 -3224 0
w -2576 -3224 -2400 -3224 0
r -2400 -3224 -2400 -3128 0 10000
g -2400 -3128 -2400 -3088 0 0
g -952 -2584 -952 -2552 0 0
v -2600 -2056 -2600 -1992 0 0 40 5 0 0 0.5
s -2600 -2056 -2600 -2088 0 1 false
w -2600 -2088 -2600 -2152 0
w -2600 -1992 -2600 -1928 0
w -2600 -1928 -2488 -1928 0
r -2600 -2152 -2488 -2152 0 1000
155 -1712 -2880 -1608 -2880 0 5
155 -1712 -2712 -1688 -2712 0 5
155 -1712 -2544 -1632 -2544 0 5
w -1968 -2712 -1712 -2712 0
w -1968 -2744 -1816 -2744 0
w -1816 -2744 -1816 -2880 0
w -1816 -2880 -1712 -2880 0
w -1968 -2680 -1816 -2680 0
w -1816 -2680 -1816 -2544 0
w -1712 -2512 -1712 -2136 0
w -1712 -2848 -1712 -2680 0
w -1712 -2680 -1712 -2512 0
184 -1472 -2936 -1424 -2936 0 1
184 -1528 -2752 -1480 -2752 0 1
184 -1576 -2584 -1528 -2584 0 1
w -1816 -2544 -1768 -2544 0
w -1408 -2488 -1304 -2488 0
s -1304 -2488 -1184 -2488 0 1 false
R -1184 -2488 -1184 -2560 0 0 40 5 0 0 0.5
r -1304 -2488 -1304 -2408 0 1000
g -1304 -2408 -1304 -2376 0 0
w -1376 -2936 -1048 -2936 0
w -1048 -2936 -1048 -2480 0
w -1048 -2480 -920 -2480 0
w -1432 -2752 -1088 -2752 0
w -1088 -2752 -1088 -2448 0
w -1088 -2448 -920 -2448 0
w -1480 -2584 -1136 -2584 0
w -1136 -2584 -1136 -2416 0
w -1136 -2416 -920 -2416 0
w -1816 -2880 -1816 -2936 0
w -1816 -2936 -1472 -2936 0
w -1616 -2880 -1472 -2880 0
w -1472 -2880 -1472 -2904 0
w -1968 -2712 -1768 -2712 0
w -1768 -2712 -1768 -2752 0
w -1768 -2752 -1528 -2752 0
w -1616 -2712 -1528 -2712 0
w -1528 -2712 -1528 -2720 0
w -1768 -2544 -1712 -2544 0
w -1616 -2544 -1576 -2544 0
w -1576 -2544 -1576 -2552 0
w -1768 -2544 -1768 -2584 0
w -1768 -2584 -1576 -2584 0
w -1408 -2840 -1408 -2656 0
w -1464 -2656 -1408 -2656 0
w -1512 -2488 -1408 -2488 0
w -1408 -2656 -1408 -2488 0
o 26 64 0 4099 10 0.00009765625 0 2 26 3
38 14 F1 0 1 10000 -1 Resistance
