$ 1 0.000005 10.20027730826997 50 5 43 5e-11
R 176 96 176 48 0 0 40 5 0 0 0.5
r 176 96 176 192 0 1000
t 112 208 176 208 0 1 0.5700399082690618 0.6401395462737659 100 default
t 112 272 176 272 0 1 0.5702231747944281 0.6420694509163345 100 default
w 176 224 176 256 0
w 176 288 176 336 0
g 176 336 176 368 0 0
r 112 208 48 208 0 10000
r 112 272 48 272 0 10000
w 176 192 272 192 0
s 48 208 48 128 0 0 false
s 48 272 48 352 0 0 false
r 48 208 -32 208 0 1000
r 48 272 -32 272 0 1000
w -32 208 -32 272 0
g -32 272 -32 320 0 0
R 48 128 48 96 0 0 40 5 0 0 0.5
R 48 352 48 400 0 0 40 5 0 0 0.5
o 9 64 0 4099 5 0.00009765625 0 2 9 3
