$ 1 0.000005 35.60246606707791 50 5 43 5e-11
a 160 224 272 224 8 5 -5 1000000 0.000008857899524154861 0 100000
c 160 160 272 160 0 0.00001 0.8857988103150103 0.001
w 160 160 160 208 0
w 272 160 272 224 0
a 368 240 496 240 8 5 0 1000000 0.000016141777640292333 0 100000
r 272 224 368 224 0 1000
r 368 176 496 176 0 1000
w 496 176 496 240 0
w 496 240 544 240 0
r 160 96 208 96 0 1000
s 208 96 272 96 0 1 false
w 160 96 160 160 0
w 272 96 272 160 0
r 160 208 96 208 0 1000
a 0 208 96 208 8 5 0 1000000 1.6665615693756453 0.09011119721736623 100000
r 0 144 96 144 0 1000
w 96 144 96 208 0
w 0 144 0 192 0
r 0 192 -80 192 0 1000
r 0 224 0 304 0 1000
r 0 224 -80 224 0 1000
g -160 320 -160 352 0 0
r -160 224 -160 320 0 1000
374 -192 224 -256 224 0 0.8218000000000001 Light\sBrightness
w -192 224 -160 224 0
w -80 224 -160 224 0
w -160 320 0 320 0
w 0 304 0 320 0
w 0 320 160 320 0
w 160 240 160 320 0
w 160 320 368 320 0
w 368 256 368 320 0
R 496 80 496 48 0 0 40 5 0 0 0.5
w 464 80 496 80 0
r 368 80 464 80 0 50000
c 368 80 368 144 0 0.00001 4.999999999665473 0.001
s 320 80 320 144 0 1 false
w 320 80 368 80 0
403 544 288 672 352 0 8_64_0_4099_1.25_0.00009765625_-1_2_8_3
w 368 176 368 224 0
w 320 144 368 144 0
g 368 144 416 144 0 0
R -256 224 -256 160 0 0 40 5 0 0 0.5
R -448 272 -448 320 0 0 40 5 0 0 0.5
R -448 48 -448 16 0 0 40 5 0 0 0.5
g -528 192 -528 240 0 0
w -528 128 -528 192 0
r -448 192 -528 192 0 1000
r -448 128 -528 128 0 1000
s -448 192 -448 272 0 0 false
s -448 128 -448 48 0 1 false
w -320 112 -224 112 0
r -384 192 -448 192 0 10000
r -384 128 -448 128 0 10000
g -320 256 -320 288 0 0
w -320 208 -320 256 0
w -320 144 -320 176 0
t -384 192 -320 192 0 1 0.5738649751718764 0.5917932271113876 100 default
t -384 128 -320 128 0 1 -3.333280743514946 -0.017928214165950883 100 default
r -320 16 -320 112 0 1000
R -320 16 -320 -32 0 0 40 5 0 0 0.5
w -224 112 -80 112 0
w -80 112 -80 192 0
o 37 64 0 4099 5 0.00009765625 0 2 37 3
o 8 64 0 4099 1.25 0.00009765625 1 2 8 3
38 5 F1 0 1 1000 -1 Resistance
38 34 F1 0 1 50000 -1 Resistance
