$ 3 0.000005 6.724437240923179 58 7 50 5e-11
197 -1616 -2896 -1520 -2896 0
157 -1424 -2896 -1320 -2896 0 7 0 0
w -1488 -2896 -1424 -2896 0
w -1488 -2864 -1424 -2864 0
w -1488 -2832 -1424 -2832 0
w -1488 -2800 -1424 -2800 0
w -1488 -2736 -1328 -2736 0
w -1328 -2768 -1328 -2736 0
w -1488 -2768 -1360 -2768 0
w -1488 -2704 -1296 -2704 0
w -1296 -2768 -1296 -2704 0
w -2144 -2688 -2112 -2688 0
w -2144 -2800 -2112 -2800 0
w -2112 -2688 -2048 -2688 0
w -2464 -2800 -2144 -2800 0
w -2464 -2688 -2464 -2800 0
w -2416 -2448 -2464 -2448 0
w -2416 -2384 -2416 -2448 0
w -2272 -2384 -2416 -2384 0
w -2400 -2528 -2464 -2528 0
w -2400 -2400 -2400 -2528 0
w -2272 -2400 -2400 -2400 0
w -2384 -2608 -2464 -2608 0
w -2384 -2416 -2384 -2608 0
w -2272 -2416 -2384 -2416 0
w -2368 -2688 -2464 -2688 0
w -2368 -2432 -2368 -2688 0
w -2272 -2432 -2368 -2432 0
w -2352 -2768 -2464 -2768 0
w -2352 -2448 -2352 -2768 0
w -2272 -2448 -2352 -2448 0
w -2336 -2848 -2464 -2848 0
w -2336 -2464 -2336 -2848 0
w -2272 -2464 -2336 -2464 0
w -2320 -2480 -2272 -2480 0
w -2320 -2928 -2320 -2480 0
w -2464 -2928 -2320 -2928 0
w -2288 -2528 -2288 -2672 0
w -2464 -2528 -2288 -2528 0
w -2464 -2688 -2336 -2688 0
w -2288 -2848 -2464 -2848 0
w -2288 -2768 -2288 -2848 0
w -2336 -2688 -2288 -2688 0
w -2288 -2768 -2288 -2704 0
154 -2272 -2432 -2112 -2432 0 7 5 5
154 -2288 -2688 -2144 -2688 0 3 5 5
g -2672 -2384 -2672 -2352 0 0
w -2576 -3008 -2576 -2432 0
w -2576 -2464 -2672 -2464 0
w -2576 -3008 -2576 -2512 0
w -2576 -3008 -2576 -2592 0
w -2576 -3008 -2576 -2672 0
w -2576 -3008 -2576 -2752 0
w -2576 -3008 -2576 -2832 0
w -2576 -3008 -2576 -2912 0
w -2672 -2544 -2576 -2544 0
w -2672 -2624 -2576 -2624 0
w -2672 -2704 -2576 -2704 0
w -2576 -2784 -2672 -2784 0
w -2576 -2864 -2672 -2864 0
w -2672 -2944 -2576 -2944 0
a -2576 -2448 -2464 -2448 8 15 -15 1000000 0.6249999999999997 4.545867806164196 100000
a -2576 -2528 -2464 -2528 8 15 -15 1000000 1.2499999999999993 4.545867806164196 100000
a -2576 -2608 -2464 -2608 8 15 -15 1000000 1.8749999999999991 4.545867806164196 100000
a -2576 -2688 -2464 -2688 8 15 -15 1000000 2.499999999999999 4.545867806164196 100000
a -2576 -2768 -2464 -2768 8 15 -15 1000000 3.1249999999999996 4.545867806164196 100000
a -2576 -2848 -2464 -2848 8 15 -15 1000000 3.75 4.545867806164196 100000
a -2576 -2928 -2464 -2928 8 15 -15 1000000 4.375 4.545867806164196 100000
R -2672 -3008 -2672 -3072 0 0 40 5 0 0 0.5
r -2672 -2704 -2672 -2624 0 1000
r -2672 -2624 -2672 -2544 0 1000
r -2672 -2544 -2672 -2464 0 1000
r -2672 -2464 -2672 -2384 0 1000
r -2672 -2784 -2672 -2704 0 1000
r -2672 -2864 -2672 -2784 0 1000
r -2672 -2944 -2672 -2864 0 1000
r -2672 -3008 -2672 -2944 0 1000
R -2992 -3336 -2992 -3432 0 0 40 5 0 0 0.5
374 -2992 -3336 -2992 -3224 0 0.9901000000000001 Light\sBrightness
w -2576 -3008 -2576 -3224 0
r -2992 -3224 -2992 -3136 0 10000
g -2992 -3136 -2992 -3096 0 0
155 -2048 -2688 -2024 -2688 0 5
184 -1928 -2720 -1880 -2720 0 1
w -2800 -2064 -2800 -2144 0
g -2080 -1824 -2080 -1776 0 0
r -2080 -1936 -2080 -1824 0 1000
d -2080 -2048 -2080 -1936 2 default
g -2224 -1632 -2224 -1600 0 0
r -2224 -1744 -2224 -1632 0 1000
w -2224 -1792 -2224 -1744 0
d -2304 -1744 -2224 -1744 2 default
w -2512 -1744 -2304 -1744 0
w -2512 -1888 -2512 -1744 0
w -2448 -1888 -2512 -1888 0
g -2384 -1968 -2384 -1936 0 0
w -2384 -2064 -2224 -2064 0
w -2224 -2032 -2224 -1792 0
a -2224 -2048 -2080 -2048 9 15 -15 1000000 0.0002516186211159066 0.5 100000
v -2384 -1968 -2384 -2064 0 0 40 0.5 0 0 0.5
d -2304 -1792 -2224 -1792 2 default
g -2448 -1632 -2448 -1600 0 0
v -2448 -1776 -2448 -1632 0 0 40 1 0 0 0.5
w -2448 -1888 -2448 -1808 0
w -2624 -1888 -2448 -1888 0
a -2448 -1792 -2304 -1792 8 15 -15 1000000 0.06457770258236095 -1 100000
g -2624 -1744 -2624 -1712 0 0
r -2624 -1888 -2624 -1744 0 1000
r -2624 -2048 -2624 -1888 0 6000
w -2672 -2048 -2624 -2048 0
w -2832 -2064 -2800 -2064 0
g -2976 -1728 -2976 -1712 0 0
c -2976 -1792 -2976 -1728 0 0.000009999999999999999 4.545822347940047 0.001
w -2800 -2032 -2800 -1792 0
w -2976 -1792 -2800 -1792 0
r -2976 -1856 -2976 -1792 0 270
w -2976 -2064 -2832 -2064 0
a -2800 -2048 -2672 -2048 9 15 -15 1000000 4.545822347940047 4.545867806164196 10000
w -2976 -1936 -2976 -2064 0
w -2848 -1920 -2848 -1856 0
w -2976 -1856 -2848 -1856 0
w -2976 -1904 -2976 -1856 0
a -2976 -1920 -2848 -1920 9 15 -15 1000000 4.5458223479407165 4.545867806164196 100000
w -2800 -2144 -2792 -3224 0
w -2792 -3224 -2576 -3224 0
w -2048 -2688 -2048 -2720 0
w -2048 -2720 -1928 -2720 0
w -1952 -2688 -1928 -2688 0
w -1952 -2832 -1928 -2832 0
w -2048 -2864 -1928 -2864 0
w -2048 -2832 -2048 -2864 0
184 -1928 -2864 -1880 -2864 0 1
155 -2048 -2832 -2024 -2832 0 5
w -2112 -2832 -2048 -2832 0
w -1952 -2536 -1928 -2536 0
w -2048 -2568 -1928 -2568 0
w -2048 -2536 -2048 -2568 0
184 -1928 -2568 -1880 -2568 0 1
155 -2048 -2536 -2024 -2536 0 5
w -2112 -2536 -2048 -2536 0
w -2112 -2832 -2112 -2800 0
w -2112 -2536 -2112 -2432 0
w -2048 -2800 -2064 -2800 0
w -2064 -2800 -2064 -2656 0
w -2064 -2656 -2048 -2656 0
w -2064 -2656 -2064 -2504 0
w -2064 -2504 -2048 -2504 0
w -2080 -1936 -2048 -1936 0
w -2048 -1936 -2048 -2504 0
w -1864 -2768 -1792 -2768 0
w -1864 -2624 -1792 -2624 0
w -1864 -2472 -1792 -2472 0
w -1792 -2768 -1792 -2624 0
w -1792 -2624 -1792 -2472 0
r -1792 -2472 -1792 -2384 0 1000
g -1792 -2384 -1792 -2336 0 0
s -1792 -2472 -1696 -2472 0 1 false
R -1696 -2472 -1696 -2512 0 0 40 5 0 0 0.5
w -1832 -2864 -1672 -2864 0
w -1832 -2720 -1760 -2720 0
w -1760 -2720 -1760 -2832 0
w -1760 -2832 -1672 -2832 0
w -1832 -2568 -1696 -2568 0
w -1696 -2568 -1696 -2800 0
w -1696 -2800 -1672 -2800 0
w -2992 -3224 -2792 -3224 0
b -2728 -3136 -2133 -2240 0
x -2634 -2282 -2212 -2279 4 24 Flash\sADC\swith\spriority\sencoder\s(Task\sI)
b -2080 -2896 -1680 -2251 0
x -2013 -2268 -1713 -2265 4 24 Circuit\sfor\sswitching\s(Task\sII)
w -1672 -2864 -1616 -2864 0
w -1672 -2832 -1616 -2832 0
w -1672 -2800 -1616 -2800 0
g -1616 -2896 -1616 -2928 0 0
b -1648 -2992 -1230 -2586 0
x -1595 -2611 -1261 -2608 4 24 Decoder\sand\sDisplay\s(Task\sI,\sII)
b -3072 -2136 -1896 -1489 0
x -2770 -1529 -2302 -1526 4 24 Light\sintensity\sstabilization\sindicator\s(Task\sII)
