$ 1 0.000005 10.20027730826997 50 5 43 5e-11
a 48 272 176 272 9 15 -15 1000000 2.9967185606616784 2.996748527847285 100000
R -32 160 -32 96 0 0 40 5 0 0 0.5
374 -32 160 -32 256 0 0.7327 Light\sBrightness
r -32 256 -32 352 0 40000
g -32 352 -32 400 0 0
w 48 288 48 336 0
w 48 336 176 336 0
w 176 272 176 336 0
w -32 256 48 256 0
w 48 256 48 128 0
a 224 144 352 144 9 15 -15 1000000 2.996718560661663 2.996748527847285 100000
w 48 128 192 128 0
r 48 336 48 400 0 7
w 48 400 224 400 0
w 224 160 224 400 0
c 48 400 48 464 0 0.000009999999999999999 2.996718560661663 0.001
g 48 464 48 480 0 0
w 192 128 224 128 0
w 352 144 400 144 0
r 400 144 400 304 0 1000
r 400 304 400 448 0 1000
g 400 448 400 480 0 0
a 576 400 720 400 8 15 -15 1000000 1.1425108787996174 -1 100000
w 400 304 576 304 0
w 576 304 576 384 0
v 576 416 576 560 0 0 40 1 0 0 0.5
g 576 560 576 592 0 0
d 720 400 800 400 2 default
v 640 224 640 128 0 0 40 1 0 0 0.5
a 800 144 944 144 9 5 -5 1000000 0.7115253693242983 1 100000
w 800 160 800 400 0
w 640 128 800 128 0
g 640 224 640 256 0 0
w 576 304 512 304 0
w 512 304 512 448 0
w 512 448 720 448 0
d 720 448 800 448 2 default
w 800 400 800 448 0
r 800 448 800 560 0 1000
g 800 560 800 592 0 0
d 944 144 944 256 2 default
r 944 256 944 368 0 1000
g 944 368 944 416 0 0
r 1024 272 1024 368 0 1000
g 1024 368 1024 416 0 0
w 1024 240 1024 48 0
w 224 128 224 48 0
w 224 48 1024 48 0
o 41 1024 0 4099 5 0.00625 0 2 41 3
o 30 64 0 4099 2.5 0.00009765625 1 2 30 3
